858
63 200
527 533
12 34
333 180
49 207
328 536
166 23
232 839
113 660
167 337
495 784
108 279
99 505
818 163
485 659
412 628
749 309
30 162
111 263
339 529
452 204
841 549
495 723
194 391
441 554
12 355
9 340
367 756
263 284
201 92
766 621
606 24
182 129
15 198
109 803
733 310
107 156
90 95
57 43
44 481
312 545
135 93
96 105
255 222
23 7
244 40
352 234
311 112
127 407
112 647
180 210
643 248
565 518
523 413
375 664
717 62
23 53
28 231
667 327
426 650
544 682
68 108
384 410
20 668
217 328
124 80
48 281
658 309
11 24
73 176
269 66
462 206
456 444
197 515
216 28
528 486
791 225
43 28
556 299
325 152
5 4
766 816
424 488
159 172
171 592
741 209
54 170
116 84
142 675
530 133
571 381
344 97
95 96
619 344
121 129
125 101
486 575
259 825
309 163
32 539
561 116
45 151
130 131
669 254
217 194
599 81
207 493
12 54
1 4
332 165
345 559
200 241
676 703
616 511
130 187
315 243
278 108
37 28
66 508
392 601
138 680
33 178
681 445
426 327
625 4
468 607
381 30
688 840
243 36
602 611
450 623
654 323
289 573
740 394
294 589
39 141
8 62
832 306
399 428
171 823
300 178
249 442
49 103
372 148
497 382
186 134
262 494
482 835
523 787
13 15
228 338
517 79
73 83
292 157
759 425
811 801
183 158
265 694
287 302
518 764
473 42
47 707
256 140
336 490
208 389
630 57
199 726
275 464
544 203
69 159
62 97
232 617
640 831
46 86
608 603
331 41
1 68
134 254
38 343
751 453
591 307
252 183
317 168
173 477
259 432
87 77
291 110
107 113
108 294
212 641
252 261
354 44
72 799
387 65
594 104
45 26
62 219
644 425
145 282
148 499
720 667
826 354
51 188
22 405
833 171
199 91
403 380
429 204
553 490
602 480
10 7
28 339
172 280
171 49
501 314
781 327
436 289
94 139
299 842
20 655
48 45
510 42
434 409
148 169
596 136
9 2
466 750
139 585
581 800
263 388
103 184
310 70
506 390
458 661
75 295
296 51
55 845
484 57
225 361
443 318
39 572
347 15
195 298
144 356
413 131
208 27
467 200
326 295
213 125
568 121
330 627
31 22
180 112
847 794
754 461
761 612
77 1
838 24
523 546
659 806
392 785
660 844
6 793
383 633
527 129
102 110
59 22
245 250
683 152
49 558
535 796
714 19
283 197
71 416
541 146
18 49
186 836
446 460
312 469
775 26
41 47
792 353
359 710
370 12
218 100
55 35
177 626
478 765
689 732
307 695
22 5
436 798
78 202
686 450
44 26
148 122
762 322
723 774
461 700
248 32
414 824
722 514
308 132
138 87
383 394
589 771
26 14
351 603
455 128
478 31
65 42
27 2
642 575
820 269
38 212
215 96
121 495
220 446
49 272
790 190
569 116
322 249
322 392
310 465
73 504
89 70
162 445
101 297
767 562
581 291
3 12
671 260
782 237
468 292
262 677
377 261
551 28
143 226
701 192
412 454
368 812
631 410
672 12
424 258
808 593
236 489
450 289
116 358
738 418
564 431
406 305
760 763
152 273
307 141
105 329
144 126
409 54
286 390
498 425
86 145
214 288
265 350
583 353
438 512
7 386
67 19
24 38
145 532
196 177
423 769
111 192
30 705
57 384
34 72
629 473
58 260
757 427
227 47
415 257
851 857
522 330
64 30
699 728
804 848
62 451
47 237
88 83
134 366
237 418
240 45
317 341
819 418
63 78
412 314
813 598
558 586
679 536
39 79
48 466
74 778
609 544
106 353
449 56
165 203
269 275
317 657
162 385
163 365
78 191
1 106
100 75
76 38
665 76
363 230
126 34
373 471
518 239
503 100
136 552
17 448
70 457
593 159
68 318
68 104
91 371
214 220
578 179
788 634
555 451
421 142
313 176
260 685
430 379
34 174
163 91
36 98
79 154
291 582
109 516
74 29
314 810
265 378
374 706
801 264
101 42
731 180
54 71
485 297
75 712
80 1
299 195
5 16
20 51
198 285
263 346
75 239
598 159
560 410
333 794
338 404
630 673
652 547
59 123
277 83
75 13
674 592
690 427
37 251
697 178
396 401
687 375
637 666
526 468
315 709
488 496
837 249
321 744
1 6
15 46
718 672
453 410
789 686
104 268
547 394
382 205
39 396
132 25
804 734
639 189
259 173
379 786
447 310
830 288
691 174
211 166
385 400
39 1
247 217
693 456
394 500
238 147
549 295
486 414
217 719
35 423
119 21
296 419
758 45
44 286
692 174
66 16
173 75
491 636
38 70
414 381
188 264
293 312
433 402
531 550
234 200
28 18
32 31
752 233
111 336
204 209
206 171
380 360
4 13
288 364
14 153
306 151
194 375
537 360
430 597
651 260
222 166
130 846
209 324
11 128
112 87
7 19
3 2
321 261
753 7
89 152
689 646
122 49
229 131
612 67
417 249
458 163
16 52
405 615
507 332
117 258
302 509
182 427
590 688
48 137
85 542
17 725
21 81
461 29
521 321
143 27
407 492
21 376
270 128
194 79
450 487
742 736
78 92
797 759
105 511
579 307
743 507
255 856
69 20
780 28
395 577
338 676
20 698
2 8
283 817
362 348
301 590
235 13
309 724
160 102
381 635
6 7
5 177
20 42
46 91
574 519
404 624
459 68
519 338
614 564
228 181
224 144
727 577
56 39
265 470
46 843
379 30
735 78
443 821
353 359
541 802
319 77
128 164
109 23
592 662
158 142
37 491
768 193
376 383
233 772
402 853
431 30
373 855
805 497
852 565
109 146
293 197
333 520
638 602
80 613
236 152
225 190
342 284
23 301
28 266
656 40
37 41
6 193
246 70
535 165
708 822
47 120
815 670
60 369
155 479
161 68
569 854
97 127
183 472
205 34
90 68
147 114
502 166
807 92
737 17
531 277
151 167
276 125
19 175
130 640
267 52
43 335
169 179
11 17
605 343
609 634
233 23
48 290
620 148
93 249
28 540
100 102
199 646
476 100
304 212
221 242
20 15
79 84
367 250
136 8
14 7
360 304
431 595
850 227
133 52
543 19
185 670
117 8
102 111
53 610
218 567
204 136
241 245
809 384
91 580
325 770
114 8
165 31
40 27
692 702
294 747
147 189
25 140
349 483
534 510
30 18
425 235
657 748
440 377
190 176
399 358
600 441
438 10
115 475
85 53
176 420
52 663
514 87
303 184
58 29
345 129
15 94
41 827
47 99
252 262
81 316
93 155
600 648
138 287
645 595
72 348
625 745
373 557
88 223
538 506
184 783
165 334
309 330
480 148
99 115
89 408
773 403
13 60
107 1
361 563
576 225
525 33
224 373
142 185
524 315
34 134
357 175
163 736
19 402
469 713
678 171
851 615
195 349
649 233
834 335
604 219
15 150
755 344
549 699
278 437
584 559
33 13
397 168
21 14
696 41
138 730
36 35
29 73
858 590
36 149
136 157
253 59
184 708
849 95
250 704
309 548
47 121
733 779
24 35
398 26
385 711
257 23
653 194
2 1
15 18
385 587
128 181
101 474
707 814
136 734
444 420
61 50
760 78
142 1
160 441
422 190
746 408
118 1
513 441
618 385
389 439
26 323
80 265
135 214
276 588
176 320
395 133
174 221
721 690
274 212
25 17
182 482
829 55
